[
    {
        "ortho_reg": [
            [
                0.0,
                144806880.0,
                124603008.0,
                141907088.0
            ],
            [
                144806880.0,
                0.0,
                121110384.0,
                132627936.0
            ],
            [
                124603008.0,
                121110384.0,
                0.0,
                113296400.0
            ],
            [
                141907088.0,
                132627944.0,
                113296416.0,
                0.0
            ]
        ],
        "intra_head_non_ortho": [
            [
                0.0,
                4368592.5,
                4431805.0,
                5089906.5
            ],
            [
                4368592.5,
                0.0,
                3809393.75,
                4379357.0
            ],
            [
                4431805.0,
                3809393.5,
                0.0,
                4421948.5
            ],
            [
                5089906.5,
                4379357.5,
                4421948.5,
                0.0
            ]
        ],
        "head_output_disagreement": [
            [
                0.0,
                -0.004172486253082752,
                -0.04493125155568123,
                -0.0500386506319046
            ],
            [
                -0.004172486253082752,
                0.0,
                -0.009996404871344566,
                0.013036498799920082
            ],
            [
                -0.04493125155568123,
                -0.009996404871344566,
                0.0,
                -0.030666550621390343
            ],
            [
                -0.0500386506319046,
                0.013036498799920082,
                -0.030666550621390343,
                0.0
            ]
        ],
        "attended_pos_disagreement": [
            0.002204418648034334,
            0.0021911822259426117,
            0.002228153171017766,
            0.0022718331310898066
        ],
        "batch_loss": 8.60466480255127,
        "epoch": 0,
        "layer": 0
    },
    {
        "ortho_reg": [
            [
                0.0,
                898227.1875,
                866271.0625,
                1002023.9375
            ],
            [
                898227.1875,
                0.0,
                820587.5,
                919007.25
            ],
            [
                866271.0625,
                820587.5,
                0.0,
                927948.9375
            ],
            [
                1002023.9375,
                919007.1875,
                927948.9375,
                0.0
            ]
        ],
        "intra_head_non_ortho": [
            [
                0.0,
                44966.265625,
                40261.78515625,
                37966.95703125
            ],
            [
                44966.265625,
                0.0,
                38588.9765625,
                36377.10546875
            ],
            [
                40261.78515625,
                38588.9765625,
                0.0,
                32671.619140625
            ],
            [
                37966.95703125,
                36377.10546875,
                32671.619140625,
                0.0
            ]
        ],
        "head_output_disagreement": [
            [
                0.0,
                -0.1126864030957222,
                0.03403671085834503,
                0.06193025782704353
            ],
            [
                -0.1126864030957222,
                0.0,
                0.2828640043735504,
                -0.054387688636779785
            ],
            [
                0.03403671085834503,
                0.2828640043735504,
                0.0,
                0.19219185411930084
            ],
            [
                0.06193025782704353,
                -0.054387688636779785,
                0.19219185411930084,
                0.0
            ]
        ],
        "attended_pos_disagreement": [
            6.513411062769592e-05,
            6.520631723105907e-05,
            6.521990871988237e-05,
            6.54530304018408e-05
        ],
        "batch_loss": 8.60466480255127,
        "epoch": 0,
        "layer": 1
    },
    {
        "ortho_reg": [
            [
                0.0,
                872506.5,
                1102324.25,
                1012340.625
            ],
            [
                872506.5,
                0.0,
                920905.5,
                885841.875
            ],
            [
                1102324.25,
                920905.5625,
                0.0,
                1095604.5
            ],
            [
                1012340.6875,
                885841.875,
                1095604.5,
                0.0
            ]
        ],
        "intra_head_non_ortho": [
            [
                0.0,
                46116.14453125,
                50334.7890625,
                44914.65234375
            ],
            [
                46116.14453125,
                0.0,
                50654.1875,
                45182.4609375
            ],
            [
                50334.7890625,
                50654.1875,
                0.0,
                49164.53515625
            ],
            [
                44914.65234375,
                45182.4609375,
                49164.5390625,
                0.0
            ]
        ],
        "head_output_disagreement": [
            [
                0.0,
                -0.005310708656907082,
                0.15141761302947998,
                0.050399452447891235
            ],
            [
                -0.005310708656907082,
                0.0,
                -0.050004661083221436,
                -0.13378289341926575
            ],
            [
                0.15141761302947998,
                -0.050004661083221436,
                0.0,
                -0.1572500616312027
            ],
            [
                0.050399452447891235,
                -0.13378289341926575,
                -0.1572500616312027,
                0.0
            ]
        ],
        "attended_pos_disagreement": [
            6.522265903186053e-05,
            6.514402775792405e-05,
            6.502316682599485e-05,
            6.516496068798006e-05
        ],
        "batch_loss": 8.60466480255127,
        "epoch": 0,
        "layer": 2
    },
    {
        "ortho_reg": [
            [
                0.0,
                1036611.625,
                957798.0,
                921736.8125
            ],
            [
                1036611.625,
                0.0,
                1009076.75,
                943780.5
            ],
            [
                957798.0,
                1009076.75,
                0.0,
                880836.5
            ],
            [
                921736.875,
                943780.5,
                880836.5,
                0.0
            ]
        ],
        "intra_head_non_ortho": [
            [
                0.0,
                54818.16796875,
                53413.484375,
                55668.265625
            ],
            [
                54818.16796875,
                0.0,
                49163.546875,
                52906.6015625
            ],
            [
                53413.484375,
                49163.546875,
                0.0,
                50106.63671875
            ],
            [
                55668.26171875,
                52906.6015625,
                50106.6328125,
                0.0
            ]
        ],
        "head_output_disagreement": [
            [
                0.0,
                -0.04277991130948067,
                0.011898159049451351,
                -0.06683989614248276
            ],
            [
                -0.04277991130948067,
                0.0,
                -0.11180754750967026,
                -0.12958374619483948
            ],
            [
                0.011898159049451351,
                -0.11180754750967026,
                0.0,
                -0.02007581666111946
            ],
            [
                -0.06683989614248276,
                -0.12958374619483948,
                -0.02007581666111946,
                0.0
            ]
        ],
        "attended_pos_disagreement": [
            6.515798304462805e-05,
            6.506499630631879e-05,
            6.506272620754316e-05,
            6.5058127802331e-05
        ],
        "batch_loss": 8.60466480255127,
        "epoch": 0,
        "layer": 3
    },
    {
        "ortho_reg": [
            [
                0.0,
                1043682.4375,
                1238001.125,
                928768.125
            ],
            [
                1043682.375,
                0.0,
                1210309.375,
                937854.375
            ],
            [
                1238001.25,
                1210309.5,
                0.0,
                1062169.0
            ],
            [
                928768.0625,
                937854.375,
                1062169.0,
                0.0
            ]
        ],
        "intra_head_non_ortho": [
            [
                0.0,
                45503.33203125,
                53637.0703125,
                48750.203125
            ],
            [
                45503.33203125,
                0.0,
                41386.2421875,
                37550.00390625
            ],
            [
                53637.0703125,
                41386.2421875,
                0.0,
                44929.16015625
            ],
            [
                48750.19921875,
                37550.00390625,
                44929.16015625,
                0.0
            ]
        ],
        "head_output_disagreement": [
            [
                0.0,
                0.0024684781674295664,
                0.08199551701545715,
                0.06621011346578598
            ],
            [
                0.0024684781674295664,
                0.0,
                -0.03138653561472893,
                0.06987080723047256
            ],
            [
                0.08199551701545715,
                -0.03138653561472893,
                0.0,
                -0.03547505661845207
            ],
            [
                0.06621011346578598,
                0.06987080723047256,
                -0.03547505661845207,
                0.0
            ]
        ],
        "attended_pos_disagreement": [
            6.507655052701011e-05,
            6.506210047518834e-05,
            6.511314859380946e-05,
            6.520972965518013e-05
        ],
        "batch_loss": 8.60466480255127,
        "epoch": 0,
        "layer": 4
    },
    {
        "ortho_reg": [
            [
                0.0,
                1268221.5,
                1280831.5,
                1034110.5
            ],
            [
                1268221.5,
                0.0,
                1178131.0,
                928997.625
            ],
            [
                1280831.5,
                1178131.0,
                0.0,
                1021386.8125
            ],
            [
                1034110.5,
                928997.5625,
                1021386.8125,
                0.0
            ]
        ],
        "intra_head_non_ortho": [
            [
                0.0,
                39784.51171875,
                48577.921875,
                40706.62109375
            ],
            [
                39784.51171875,
                0.0,
                43370.03515625,
                36110.48046875
            ],
            [
                48577.921875,
                43370.03515625,
                0.0,
                43871.41796875
            ],
            [
                40706.62109375,
                36110.48046875,
                43871.41796875,
                0.0
            ]
        ],
        "head_output_disagreement": [
            [
                0.0,
                -0.03803040832281113,
                0.11977855861186981,
                -0.04786559194326401
            ],
            [
                -0.03803040832281113,
                0.0,
                0.01353493146598339,
                -0.13028714060783386
            ],
            [
                0.11977855861186981,
                0.01353493146598339,
                0.0,
                0.10401912778615952
            ],
            [
                -0.04786559194326401,
                -0.13028714060783386,
                0.10401912778615952,
                0.0
            ]
        ],
        "attended_pos_disagreement": [
            6.520630267914385e-05,
            6.503907206933945e-05,
            6.514326378237456e-05,
            6.486246275017038e-05
        ],
        "batch_loss": 8.60466480255127,
        "epoch": 0,
        "layer": 5
    },
    {
        "ortho_reg": [
            [
                0.0,
                133777792.0,
                134566560.0,
                133991760.0
            ],
            [
                133777800.0,
                0.0,
                127138536.0,
                124247824.0
            ],
            [
                134566560.0,
                127138520.0,
                0.0,
                126105408.0
            ],
            [
                133991760.0,
                124247840.0,
                126105408.0,
                0.0
            ]
        ],
        "intra_head_non_ortho": [
            [
                0.0,
                14555789.0,
                17457214.0,
                16694807.0
            ],
            [
                14555789.0,
                0.0,
                17833924.0,
                17040266.0
            ],
            [
                17457214.0,
                17833924.0,
                0.0,
                20224078.0
            ],
            [
                16694807.0,
                17040264.0,
                20224078.0,
                0.0
            ]
        ],
        "head_output_disagreement": [
            [
                0.0,
                -0.025343304499983788,
                0.07484310120344162,
                -0.05232817679643631
            ],
            [
                -0.025343304499983788,
                0.0,
                -0.03497873246669769,
                0.08546286821365356
            ],
            [
                0.07484310120344162,
                -0.03497873246669769,
                0.0,
                -0.01941715180873871
            ],
            [
                -0.05232817679643631,
                0.08546286821365356,
                -0.01941715180873871,
                0.0
            ]
        ],
        "attended_pos_disagreement": [
            0.002263349713757634,
            0.0022490154951810837,
            0.00232568453066051,
            0.002298205392435193
        ],
        "batch_loss": 7.329392910003662,
        "epoch": 1,
        "layer": 0
    },
    {
        "ortho_reg": [
            [
                0.0,
                1584790.25,
                1697338.875,
                1801373.375
            ],
            [
                1584790.25,
                0.0,
                1661712.0,
                1804895.125
            ],
            [
                1697338.875,
                1661712.0,
                0.0,
                1906330.25
            ],
            [
                1801373.375,
                1804895.0,
                1906330.25,
                0.0
            ]
        ],
        "intra_head_non_ortho": [
            [
                0.0,
                105223.7421875,
                114495.3125,
                102528.859375
            ],
            [
                105223.75,
                0.0,
                101087.5859375,
                90384.7109375
            ],
            [
                114495.3125,
                101087.5859375,
                0.0,
                98749.109375
            ],
            [
                102528.859375,
                90384.7109375,
                98749.109375,
                0.0
            ]
        ],
        "head_output_disagreement": [
            [
                0.0,
                -0.22743366658687592,
                0.08362222462892532,
                -0.0696222111582756
            ],
            [
                -0.22743366658687592,
                0.0,
                0.07757037878036499,
                -0.0036213891580700874
            ],
            [
                0.08362222462892532,
                0.07757037878036499,
                0.0,
                0.12052250653505325
            ],
            [
                -0.0696222111582756,
                -0.0036213891580700874,
                0.12052250653505325,
                0.0
            ]
        ],
        "attended_pos_disagreement": [
            6.477088027168065e-05,
            6.482739263447002e-05,
            6.471499364124611e-05,
            6.497660797322169e-05
        ],
        "batch_loss": 7.329392910003662,
        "epoch": 1,
        "layer": 1
    },
    {
        "ortho_reg": [
            [
                0.0,
                3051829.0,
                2391820.5,
                3066230.5
            ],
            [
                3051829.0,
                0.0,
                2750945.0,
                3531739.5
            ],
            [
                2391820.5,
                2750945.0,
                0.0,
                2758625.5
            ],
            [
                3066230.25,
                3531739.25,
                2758625.75,
                0.0
            ]
        ],
        "intra_head_non_ortho": [
            [
                0.0,
                180292.984375,
                122717.9765625,
                134077.1875
            ],
            [
                180292.984375,
                0.0,
                171258.046875,
                187560.03125
            ],
            [
                122717.96875,
                171258.046875,
                0.0,
                127184.3515625
            ],
            [
                134077.1875,
                187560.03125,
                127184.3515625,
                0.0
            ]
        ],
        "head_output_disagreement": [
            [
                0.0,
                -0.029844317585229874,
                -0.3772747218608856,
                -0.05031061917543411
            ],
            [
                -0.029844317585229874,
                0.0,
                -0.2001703381538391,
                -0.10406064242124557
            ],
            [
                -0.3772747218608856,
                -0.2001703381538391,
                0.0,
                -0.14716683328151703
            ],
            [
                -0.05031061917543411,
                -0.10406064242124557,
                -0.14716683328151703,
                0.0
            ]
        ],
        "attended_pos_disagreement": [
            6.427885091397911e-05,
            6.422286242013797e-05,
            6.430740904761478e-05,
            6.406161264749244e-05
        ],
        "batch_loss": 7.329392910003662,
        "epoch": 1,
        "layer": 2
    },
    {
        "ortho_reg": [
            [
                0.0,
                3379572.0,
                3663158.5,
                3514698.5
            ],
            [
                3379572.0,
                0.0,
                3119014.25,
                2990445.0
            ],
            [
                3663158.5,
                3119014.25,
                0.0,
                3241771.5
            ],
            [
                3514698.25,
                2990445.0,
                3241771.5,
                0.0
            ]
        ],
        "intra_head_non_ortho": [
            [
                0.0,
                190740.953125,
                196974.34375,
                235997.734375
            ],
            [
                190740.953125,
                0.0,
                197992.984375,
                236998.96875
            ],
            [
                196974.34375,
                197992.984375,
                0.0,
                244818.46875
            ],
            [
                235997.734375,
                236998.96875,
                244818.46875,
                0.0
            ]
        ],
        "head_output_disagreement": [
            [
                0.0,
                0.15391795337200165,
                -0.012020339258015156,
                -0.1971205323934555
            ],
            [
                0.15391795337200165,
                0.0,
                -0.05904663726687431,
                -0.05636055767536163
            ],
            [
                -0.012020339258015156,
                -0.05904663726687431,
                0.0,
                0.004211358726024628
            ],
            [
                -0.1971205323934555,
                -0.05636055767536163,
                0.004211358726024628,
                0.0
            ]
        ],
        "attended_pos_disagreement": [
            6.411634240066633e-05,
            6.405117164831609e-05,
            6.399811536539346e-05,
            6.402012513717636e-05
        ],
        "batch_loss": 7.329392910003662,
        "epoch": 1,
        "layer": 3
    },
    {
        "ortho_reg": [
            [
                0.0,
                2684726.25,
                3183029.75,
                2735675.5
            ],
            [
                2684726.5,
                0.0,
                3012773.0,
                2590099.0
            ],
            [
                3183029.75,
                3012773.0,
                0.0,
                3070677.5
            ],
            [
                2735675.5,
                2590099.0,
                3070677.5,
                0.0
            ]
        ],
        "intra_head_non_ortho": [
            [
                0.0,
                214289.65625,
                135675.359375,
                235825.84375
            ],
            [
                214289.65625,
                0.0,
                141319.8125,
                245658.75
            ],
            [
                135675.359375,
                141319.8125,
                0.0,
                155491.53125
            ],
            [
                235825.84375,
                245658.765625,
                155491.546875,
                0.0
            ]
        ],
        "head_output_disagreement": [
            [
                0.0,
                -0.01094077154994011,
                -0.13035814464092255,
                -0.32474079728126526
            ],
            [
                -0.01094077154994011,
                0.0,
                0.2442685067653656,
                -0.2523766756057739
            ],
            [
                -0.13035814464092255,
                0.2442685067653656,
                0.0,
                -0.08437557518482208
            ],
            [
                -0.32474079728126526,
                -0.2523766756057739,
                -0.08437557518482208,
                0.0
            ]
        ],
        "attended_pos_disagreement": [
            6.396990647772327e-05,
            6.396008393494412e-05,
            6.395369564415887e-05,
            6.401384598575532e-05
        ],
        "batch_loss": 7.329392910003662,
        "epoch": 1,
        "layer": 4
    },
    {
        "ortho_reg": [
            [
                0.0,
                5160795.0,
                3391206.0,
                5696895.0
            ],
            [
                5160795.0,
                0.0,
                2963674.5,
                4978998.5
            ],
            [
                3391206.0,
                2963674.75,
                0.0,
                3271798.75
            ],
            [
                5696895.5,
                4978998.0,
                3271798.75,
                0.0
            ]
        ],
        "intra_head_non_ortho": [
            [
                0.0,
                220554.234375,
                235893.34375,
                180807.515625
            ],
            [
                220554.234375,
                0.0,
                299899.375,
                229868.796875
            ],
            [
                235893.34375,
                299899.375,
                0.0,
                245849.984375
            ],
            [
                180807.515625,
                229868.796875,
                245850.015625,
                0.0
            ]
        ],
        "head_output_disagreement": [
            [
                0.0,
                -0.29859980940818787,
                0.04610665515065193,
                -0.21385151147842407
            ],
            [
                -0.29859980940818787,
                0.0,
                -0.39321672916412354,
                -0.2124933898448944
            ],
            [
                0.04610665515065193,
                -0.39321672916412354,
                0.0,
                -0.23214006423950195
            ],
            [
                -0.21385151147842407,
                -0.2124933898448944,
                -0.23214006423950195,
                0.0
            ]
        ],
        "attended_pos_disagreement": [
            6.398253754014149e-05,
            6.397686956916004e-05,
            6.398658297257498e-05,
            6.398807454388589e-05
        ],
        "batch_loss": 7.329392910003662,
        "epoch": 1,
        "layer": 5
    },
    {
        "ortho_reg": [
            [
                0.0,
                147390736.0,
                163444096.0,
                149485456.0
            ],
            [
                147390736.0,
                0.0,
                146977904.0,
                137324512.0
            ],
            [
                163444096.0,
                146977904.0,
                0.0,
                153608864.0
            ],
            [
                149485472.0,
                137324512.0,
                153608864.0,
                0.0
            ]
        ],
        "intra_head_non_ortho": [
            [
                0.0,
                33493942.0,
                38033224.0,
                35947648.0
            ],
            [
                33493942.0,
                0.0,
                39794512.0,
                37153444.0
            ],
            [
                38033224.0,
                39794512.0,
                0.0,
                41856176.0
            ],
            [
                35947648.0,
                37153444.0,
                41856176.0,
                0.0
            ]
        ],
        "head_output_disagreement": [
            [
                0.0,
                -0.03502910956740379,
                0.096012644469738,
                -0.04717317223548889
            ],
            [
                -0.03502910956740379,
                0.0,
                -0.035509105771780014,
                0.09864385426044464
            ],
            [
                0.096012644469738,
                -0.035509105771780014,
                0.0,
                0.0017918683588504791
            ],
            [
                -0.04717317223548889,
                0.09864385426044464,
                0.0017918683588504791,
                0.0
            ]
        ],
        "attended_pos_disagreement": [
            0.002322600455954671,
            0.002371745416894555,
            0.0024164794012904167,
            0.002399224089458585
        ],
        "batch_loss": 6.118398666381836,
        "epoch": 2,
        "layer": 0
    },
    {
        "ortho_reg": [
            [
                0.0,
                3093758.5,
                3431452.5,
                3753431.0
            ],
            [
                3093758.75,
                0.0,
                3509538.0,
                3895685.5
            ],
            [
                3431452.25,
                3509538.0,
                0.0,
                4326985.0
            ],
            [
                3753431.0,
                3895685.5,
                4326985.0,
                0.0
            ]
        ],
        "intra_head_non_ortho": [
            [
                0.0,
                124294.4375,
                141471.578125,
                108949.6875
            ],
            [
                124294.4375,
                0.0,
                143275.234375,
                110483.265625
            ],
            [
                141471.578125,
                143275.234375,
                0.0,
                125985.6484375
            ],
            [
                108949.6875,
                110483.2578125,
                125985.6484375,
                0.0
            ]
        ],
        "head_output_disagreement": [
            [
                0.0,
                -0.10075853019952774,
                0.23124079406261444,
                0.09709015488624573
            ],
            [
                -0.10075853019952774,
                0.0,
                0.2174513041973114,
                -0.1640859991312027
            ],
            [
                0.23124079406261444,
                0.2174513041973114,
                0.0,
                0.18291409313678741
            ],
            [
                0.09709015488624573,
                -0.1640859991312027,
                0.18291409313678741,
                0.0
            ]
        ],
        "attended_pos_disagreement": [
            6.557068263646215e-05,
            6.463882891694084e-05,
            6.533957639476284e-05,
            6.506271165562794e-05
        ],
        "batch_loss": 6.118398666381836,
        "epoch": 2,
        "layer": 1
    },
    {
        "ortho_reg": [
            [
                0.0,
                3761654.5,
                2717877.5,
                3873486.5
            ],
            [
                3761654.5,
                0.0,
                3661785.75,
                5256840.5
            ],
            [
                2717877.5,
                3661786.0,
                0.0,
                3762753.25
            ],
            [
                3873486.5,
                5256841.0,
                3762753.5,
                0.0
            ]
        ],
        "intra_head_non_ortho": [
            [
                0.0,
                170889.125,
                177704.765625,
                148639.8125
            ],
            [
                170889.125,
                0.0,
                191176.421875,
                163269.59375
            ],
            [
                177704.765625,
                191176.421875,
                0.0,
                166897.703125
            ],
            [
                148639.8125,
                163269.609375,
                166897.703125,
                0.0
            ]
        ],
        "head_output_disagreement": [
            [
                0.0,
                -0.04460373893380165,
                0.021722333505749702,
                -0.12364900857210159
            ],
            [
                -0.04460373893380165,
                0.0,
                0.08889537304639816,
                0.15323403477668762
            ],
            [
                0.021722333505749702,
                0.08889537304639816,
                0.0,
                0.09766129404306412
            ],
            [
                -0.12364900857210159,
                0.15323403477668762,
                0.09766129404306412,
                0.0
            ]
        ],
        "attended_pos_disagreement": [
            6.443854363169521e-05,
            6.476786074927077e-05,
            6.466038030339405e-05,
            6.50337096885778e-05
        ],
        "batch_loss": 6.118398666381836,
        "epoch": 2,
        "layer": 2
    },
    {
        "ortho_reg": [
            [
                0.0,
                5220303.0,
                4594678.0,
                5112916.0
            ],
            [
                5220303.0,
                0.0,
                3988962.0,
                4446462.0
            ],
            [
                4594678.0,
                3988962.5,
                0.0,
                3897334.25
            ],
            [
                5112916.0,
                4446462.0,
                3897334.0,
                0.0
            ]
        ],
        "intra_head_non_ortho": [
            [
                0.0,
                213539.96875,
                204986.640625,
                222796.40625
            ],
            [
                213539.96875,
                0.0,
                231041.34375,
                253257.4375
            ],
            [
                204986.640625,
                231041.34375,
                0.0,
                242577.234375
            ],
            [
                222796.40625,
                253257.4375,
                242577.234375,
                0.0
            ]
        ],
        "head_output_disagreement": [
            [
                0.0,
                -0.018313299864530563,
                0.22868821024894714,
                0.34831205010414124
            ],
            [
                -0.018313299864530563,
                0.0,
                -0.14724653959274292,
                -0.10628652572631836
            ],
            [
                0.22868821024894714,
                -0.14724653959274292,
                0.0,
                -0.15958113968372345
            ],
            [
                0.34831205010414124,
                -0.10628652572631836,
                -0.15958113968372345,
                0.0
            ]
        ],
        "attended_pos_disagreement": [
            6.478248542407528e-05,
            6.444074824685231e-05,
            6.417708937078714e-05,
            6.434848910430446e-05
        ],
        "batch_loss": 6.118398666381836,
        "epoch": 2,
        "layer": 3
    },
    {
        "ortho_reg": [
            [
                0.0,
                4557676.0,
                4560241.5,
                3881551.0
            ],
            [
                4557676.0,
                0.0,
                5440423.0,
                4619653.0
            ],
            [
                4560242.0,
                5440423.0,
                0.0,
                4621537.5
            ],
            [
                3881550.75,
                4619653.5,
                4621537.5,
                0.0
            ]
        ],
        "intra_head_non_ortho": [
            [
                0.0,
                294381.71875,
                258507.703125,
                327401.28125
            ],
            [
                294381.71875,
                0.0,
                246067.5625,
                312299.4375
            ],
            [
                258507.71875,
                246067.5625,
                0.0,
                273650.46875
            ],
            [
                327401.28125,
                312299.46875,
                273650.46875,
                0.0
            ]
        ],
        "head_output_disagreement": [
            [
                0.0,
                -0.27497440576553345,
                0.14805136620998383,
                0.06170542538166046
            ],
            [
                -0.27497440576553345,
                0.0,
                0.38212597370147705,
                -0.0858977809548378
            ],
            [
                0.14805136620998383,
                0.38212597370147705,
                0.0,
                0.07638184726238251
            ],
            [
                0.06170542538166046,
                -0.0858977809548378,
                0.07638184726238251,
                0.0
            ]
        ],
        "attended_pos_disagreement": [
            6.394059892045334e-05,
            6.391812348738313e-05,
            6.399350968422368e-05,
            6.394018419086933e-05
        ],
        "batch_loss": 6.118398666381836,
        "epoch": 2,
        "layer": 4
    },
    {
        "ortho_reg": [
            [
                0.0,
                5910433.5,
                4533319.0,
                5264409.0
            ],
            [
                5910433.5,
                0.0,
                5995700.5,
                6965080.0
            ],
            [
                4533319.0,
                5995700.5,
                0.0,
                5338842.0
            ],
            [
                5264409.5,
                6965080.0,
                5338842.0,
                0.0
            ]
        ],
        "intra_head_non_ortho": [
            [
                0.0,
                370204.9375,
                282181.40625,
                380186.4375
            ],
            [
                370204.9375,
                0.0,
                333077.8125,
                448698.75
            ],
            [
                282181.40625,
                333077.8125,
                0.0,
                342016.96875
            ],
            [
                380186.46875,
                448698.75,
                342016.96875,
                0.0
            ]
        ],
        "head_output_disagreement": [
            [
                0.0,
                -0.000725681777112186,
                -0.07460995018482208,
                -0.1659962236881256
            ],
            [
                -0.000725681777112186,
                0.0,
                -0.047742389142513275,
                0.08682103455066681
            ],
            [
                -0.07460995018482208,
                -0.047742389142513275,
                0.0,
                -0.2616165578365326
            ],
            [
                -0.1659962236881256,
                0.08682103455066681,
                -0.2616165578365326,
                0.0
            ]
        ],
        "attended_pos_disagreement": [
            6.398771074600518e-05,
            6.395554373739287e-05,
            6.401351856766269e-05,
            6.401486461982131e-05
        ],
        "batch_loss": 6.118398666381836,
        "epoch": 2,
        "layer": 5
    },
    {
        "ortho_reg": [
            [
                0.0,
                175739072.0,
                211809760.0,
                184008848.0
            ],
            [
                175739056.0,
                0.0,
                176586976.0,
                164112352.0
            ],
            [
                211809760.0,
                176586976.0,
                0.0,
                195724336.0
            ],
            [
                184008832.0,
                164112352.0,
                195724336.0,
                0.0
            ]
        ],
        "intra_head_non_ortho": [
            [
                0.0,
                55752592.0,
                61900224.0,
                57943296.0
            ],
            [
                55752592.0,
                0.0,
                64363576.0,
                59720904.0
            ],
            [
                61900224.0,
                64363576.0,
                0.0,
                65473232.0
            ],
            [
                57943296.0,
                59720900.0,
                65473232.0,
                0.0
            ]
        ],
        "head_output_disagreement": [
            [
                0.0,
                -0.0306326225399971,
                0.12181919068098068,
                -0.018849458545446396
            ],
            [
                -0.0306326225399971,
                0.0,
                -0.013829030096530914,
