[
    {
        "ortho_reg": [
            [
                0.0,
                133151792.0,
                138309984.0,
                138455408.0
            ],
            [
                133151800.0,
                0.0,
                146459040.0,
                151473264.0
            ],
            [
                138310000.0,
                146459040.0,
                0.0,
                148581136.0
            ],
            [
                138455408.0,
                151473248.0,
                148581152.0,
                0.0
            ]
        ],
        "intra_head_non_ortho": [
            [
                0.0,
                5261244.0,
                4339774.0,
                4994991.0
            ],
            [
                5261244.0,
                0.0,
                4258558.5,
                4834223.0
            ],
            [
                4339774.0,
                4258559.0,
                0.0,
                3976819.75
            ],
            [
                4994991.0,
                4834223.0,
                3976819.5,
                0.0
            ]
        ],
        "head_output_disagreement": [
            [
                0.0,
                0.013618767261505127,
                -0.004249174613505602,
                0.015437710098922253
            ],
            [
                0.013618767261505127,
                0.0,
                -0.003913801163434982,
                0.03297227621078491
            ],
            [
                -0.004249174613505602,
                -0.003913801163434982,
                0.0,
                0.026285650208592415
            ],
            [
                0.015437710098922253,
                0.03297227621078491,
                0.026285650208592415,
                0.0
            ]
        ],
        "attended_pos_disagreement": [
            0.0034641597885638475,
            0.003515841905027628,
            0.0034927367232739925,
            0.003535069525241852
        ],
        "batch_loss": 8.555792808532715,
        "epoch": 0,
        "layer": 0
    },
    {
        "ortho_reg": [
            [
                0.0,
                749888.8125,
                821333.125,
                698460.75
            ],
            [
                749888.8125,
                0.0,
                784089.625,
                676614.4375
            ],
            [
                821333.125,
                784089.625,
                0.0,
                749120.75
            ],
            [
                698460.8125,
                676614.375,
                749120.75,
                0.0
            ]
        ],
        "intra_head_non_ortho": [
            [
                0.0,
                28785.05078125,
                34755.6328125,
                23706.33984375
            ],
            [
                28785.05078125,
                0.0,
                43316.6171875,
                29535.744140625
            ],
            [
                34755.6328125,
                43316.6171875,
                0.0,
                35603.33203125
            ],
            [
                23706.33984375,
                29535.744140625,
                35603.33203125,
                0.0
            ]
        ],
        "head_output_disagreement": [
            [
                0.0,
                -0.0828937217593193,
                -0.03583900257945061,
                0.19809959828853607
            ],
            [
                -0.0828937217593193,
                0.0,
                -0.06477934122085571,
                -0.002642138162627816
            ],
            [
                -0.03583900257945061,
                -0.06477934122085571,
                0.0,
                -0.06788575649261475
            ],
            [
                0.19809959828853607,
                -0.002642138162627816,
                -0.06788575649261475,
                0.0
            ]
        ],
        "attended_pos_disagreement": [
            7.56475274101831e-05,
            7.690595521125942e-05,
            7.655102672288194e-05,
            7.540436490671709e-05
        ],
        "batch_loss": 8.555792808532715,
        "epoch": 0,
        "layer": 1
    },
    {
        "ortho_reg": [
            [
                0.0,
                838842.125,
                783841.1875,
                803355.6875
            ],
            [
                838842.1875,
                0.0,
                862765.5,
                860850.1875
            ],
            [
                783841.25,
                862765.5,
                0.0,
                804405.75
            ],
            [
                803355.75,
                860850.125,
                804405.75,
                0.0
            ]
        ],
        "intra_head_non_ortho": [
            [
                0.0,
                43531.2109375,
                43163.7578125,
                37579.57421875
            ],
            [
                43531.2109375,
                0.0,
                46981.36328125,
                40603.99609375
            ],
            [
                43163.7578125,
                46981.36328125,
                0.0,
                40805.29296875
            ],
            [
                37579.57421875,
                40603.99609375,
                40805.29296875,
                0.0
            ]
        ],
        "head_output_disagreement": [
            [
                0.0,
                0.019451845437288284,
                -0.15497471392154694,
                -0.01523132435977459
            ],
            [
                0.019451845437288284,
                0.0,
                -0.11619381606578827,
                0.023568304255604744
            ],
            [
                -0.15497471392154694,
                -0.11619381606578827,
                0.0,
                -0.023780561983585358
            ],
            [
                -0.01523132435977459,
                0.023568304255604744,
                -0.023780561983585358,
                0.0
            ]
        ],
        "attended_pos_disagreement": [
            7.487985567422584e-05,
            7.535600161645561e-05,
            7.6084237662144e-05,
            7.564892439404503e-05
        ],
        "batch_loss": 8.555792808532715,
        "epoch": 0,
        "layer": 2
    },
    {
        "ortho_reg": [
            [
                0.0,
                798682.75,
                712197.5,
                722580.1875
            ],
            [
                798682.75,
                0.0,
                756146.125,
                772993.0625
            ],
            [
                712197.5,
                756146.125,
                0.0,
                689850.6875
            ],
            [
                722580.1875,
                772993.0,
                689850.6875,
                0.0
            ]
        ],
        "intra_head_non_ortho": [
            [
                0.0,
                28596.091796875,
                44123.50390625,
                34956.2265625
            ],
            [
                28596.091796875,
                0.0,
                29547.56640625,
                23983.994140625
            ],
            [
                44123.50390625,
                29547.56640625,
                0.0,
                36173.30859375
            ],
            [
                34956.2265625,
                23983.994140625,
                36173.30859375,
                0.0
            ]
        ],
        "head_output_disagreement": [
            [
                0.0,
                0.0022591573651880026,
                0.04026084765791893,
                -0.04640842229127884
            ],
            [
                0.0022591573651880026,
                0.0,
                0.04221847653388977,
                -0.014007232151925564
            ],
            [
                0.04026084765791893,
                0.04221847653388977,
                0.0,
                -0.10525503009557724
            ],
            [
                -0.04640842229127884,
                -0.014007232151925564,
                -0.10525503009557724,
                0.0
            ]
        ],
        "attended_pos_disagreement": [
            7.619053212692961e-05,
            7.63212883612141e-05,
            7.596141949761659e-05,
            7.631291373400018e-05
        ],
        "batch_loss": 8.555792808532715,
        "epoch": 0,
        "layer": 3
    },
    {
        "ortho_reg": [
            [
                0.0,
                749996.75,
                889995.0625,
                810603.375
            ],
            [
                749996.8125,
                0.0,
                785703.3125,
                743712.75
            ],
            [
                889995.0,
                785703.375,
                0.0,
                838164.75
            ],
            [
                810603.4375,
                743712.75,
                838164.875,
                0.0
            ]
        ],
        "intra_head_non_ortho": [
            [
                0.0,
                30695.791015625,
                34813.15234375,
                41727.21484375
            ],
            [
                30695.791015625,
                0.0,
                30542.203125,
                37088.3515625
            ],
            [
                34813.15625,
                30542.203125,
                0.0,
                41420.6875
            ],
            [
                41727.21484375,
                37088.3515625,
                41420.6875,
                0.0
            ]
        ],
        "head_output_disagreement": [
            [
                0.0,
                -0.06628033518791199,
                0.0035562519915401936,
                0.023969626054167747
            ],
            [
                -0.06628033518791199,
                0.0,
                -0.08138689398765564,
                0.1206267774105072
            ],
            [
                0.0035562519915401936,
                -0.08138689398765564,
                0.0,
                0.04065776616334915
            ],
            [
                0.023969626054167747,
                0.1206267774105072,
                0.04065776616334915,
                0.0
            ]
        ],
        "attended_pos_disagreement": [
            7.604933489346877e-05,
            7.509622082579881e-05,
            7.68002137192525e-05,
            7.451637065969408e-05
        ],
        "batch_loss": 8.555792808532715,
        "epoch": 0,
        "layer": 4
    },
    {
        "ortho_reg": [
            [
                0.0,
                1013719.375,
                1003372.0,
                1103522.25
            ],
            [
                1013719.375,
                0.0,
                862946.875,
                920755.125
            ],
            [
                1003372.0,
                862946.875,
                0.0,
                947386.75
            ],
            [
                1103522.25,
                920755.0625,
                947386.75,
                0.0
            ]
        ],
        "intra_head_non_ortho": [
            [
                0.0,
                40964.5703125,
                44614.984375,
                48443.34375
            ],
            [
                40964.5703125,
                0.0,
                38398.71484375,
                42227.38671875
            ],
            [
                44614.98828125,
                38398.71484375,
                0.0,
                45559.20703125
            ],
            [
                48443.33984375,
                42227.38671875,
                45559.20703125,
                0.0
            ]
        ],
        "head_output_disagreement": [
            [
                0.0,
                -0.046719737350940704,
                -0.18366442620754242,
                0.08444002270698547
            ],
            [
                -0.046719737350940704,
                0.0,
                0.07657710462808609,
                -0.298007994890213
            ],
            [
                -0.18366442620754242,
                0.07657710462808609,
                0.0,
                0.1369672268629074
            ],
            [
                0.08444002270698547,
                -0.298007994890213,
                0.1369672268629074,
                0.0
            ]
        ],
        "attended_pos_disagreement": [
            7.49543760321103e-05,
            7.587328582303599e-05,
            7.595452188979834e-05,
            7.565908163087443e-05
        ],
        "batch_loss": 8.555792808532715,
        "epoch": 0,
        "layer": 5
    },
    {
        "ortho_reg": [
            [
                0.0,
                187778832.0,
                203240032.0,
                198336192.0
            ],
            [
                187778816.0,
                0.0,
                240370960.0,
                234038080.0
            ],
            [
                203240048.0,
                240370976.0,
                0.0,
                247122192.0
            ],
            [
                198336192.0,
                234038064.0,
                247122176.0,
                0.0
            ]
        ],
        "intra_head_non_ortho": [
            [
                0.0,
                24093348.0,
                22312390.0,
                22088310.0
            ],
            [
                24093348.0,
                0.0,
                22572240.0,
                21964404.0
            ],
            [
                22312390.0,
                22572240.0,
                0.0,
                20554724.0
            ],
            [
                22088310.0,
                21964404.0,
                20554724.0,
                0.0
            ]
        ],
        "head_output_disagreement": [
            [
                0.0,
                -0.013570787385106087,
                -0.025571614503860474,
                -0.07272545993328094
            ],
            [
                -0.013570787385106087,
                0.0,
                0.1602189689874649,
                0.05330878868699074
            ],
            [
                -0.025571614503860474,
                0.1602189689874649,
                0.0,
                -0.04572413116693497
            ],
            [
                -0.07272545993328094,
                0.05330878868699074,
                -0.04572413116693497,
                0.0
            ]
        ],
        "attended_pos_disagreement": [
            0.0034415102563798428,
            0.0034756138920783997,
            0.0035033905878663063,
            0.003513648174703121
        ],
        "batch_loss": 7.303433895111084,
        "epoch": 1,
        "layer": 0
    },
    {
        "ortho_reg": [
            [
                0.0,
                1644388.5,
                1946194.625,
                1536766.75
            ],
            [
                1644388.5,
                0.0,
                2305993.5,
                1829067.0
            ],
            [
                1946194.625,
                2305993.5,
                0.0,
                2146836.5
            ],
            [
                1536766.875,
                1829067.0,
                2146836.5,
                0.0
            ]
        ],
        "intra_head_non_ortho": [
            [
                0.0,
                74398.828125,
                102783.421875,
                105463.6171875
            ],
            [
                74398.828125,
                0.0,
                77087.6796875,
                79511.6875
            ],
            [
                102783.421875,
                77087.671875,
                0.0,
                109523.0546875
            ],
            [
                105463.6171875,
                79511.6875,
                109523.0546875,
                0.0
            ]
        ],
        "head_output_disagreement": [
            [
                0.0,
                -0.07880678027868271,
                0.39054566621780396,
                -0.07764723896980286
            ],
            [
                -0.07880678027868271,
                0.0,
                0.062150388956069946,
                0.09350888431072235
            ],
            [
                0.39054566621780396,
                0.062150388956069946,
                0.0,
                0.14427891373634338
            ],
            [
                -0.07764723896980286,
                0.09350888431072235,
                0.14427891373634338,
                0.0
            ]
        ],
        "attended_pos_disagreement": [
            7.583757542306557e-05,
            7.509779243264347e-05,
            7.565826672362164e-05,
            7.482314686058089e-05
        ],
        "batch_loss": 7.303433895111084,
        "epoch": 1,
        "layer": 1
    },
    {
        "ortho_reg": [
            [
                0.0,
                2901861.75,
                2547497.0,
                3117753.0
            ],
            [
                2901862.0,
                0.0,
                2397561.0,
                2912147.5
            ],
            [
                2547497.0,
                2397561.0,
                0.0,
                2564876.0
            ],
            [
                3117753.25,
                2912147.75,
                2564876.0,
                0.0
            ]
        ],
        "intra_head_non_ortho": [
            [
                0.0,
                131035.734375,
                131232.21875,
                145511.953125
            ],
            [
                131035.734375,
                0.0,
                155477.3125,
                172819.5625
            ],
            [
                131232.203125,
                155477.3125,
                0.0,
                172598.453125
            ],
            [
                145511.953125,
                172819.5625,
                172598.453125,
                0.0
            ]
        ],
        "head_output_disagreement": [
            [
                0.0,
                0.016125934198498726,
                0.04349634423851967,
                0.2295883297920227
            ],
            [
                0.016125934198498726,
                0.0,
                0.14258277416229248,
                0.2947438359260559
            ],
            [
                0.04349634423851967,
                0.14258277416229248,
                0.0,
                0.027288151904940605
            ],
            [
                0.2295883297920227,
                0.2947438359260559,
                0.027288151904940605,
                0.0
            ]
        ],
        "attended_pos_disagreement": [
            7.366763747995719e-05,
            7.369118247879669e-05,
            7.645178266102448e-05,
            7.520606595790014e-05
        ],
        "batch_loss": 7.303433895111084,
        "epoch": 1,
        "layer": 2
    },
    {
        "ortho_reg": [
            [
                0.0,
                4542336.5,
                3617488.0,
                4944100.0
            ],
            [
                4542337.0,
                0.0,
                2699815.5,
                3683848.25
            ],
            [
                3617488.0,
                2699815.5,
                0.0,
                2936555.5
            ],
            [
                4944099.5,
                3683848.5,
                2936555.5,
                0.0
            ]
        ],
        "intra_head_non_ortho": [
            [
                0.0,
                242199.0,
                197345.015625,
                207600.28125
            ],
            [
                242199.0,
                0.0,
                199734.984375,
                209544.359375
            ],
            [
                197345.0,
                199734.984375,
                0.0,
                170927.390625
            ],
            [
                207600.28125,
                209544.359375,
                170927.375,
                0.0
            ]
        ],
        "head_output_disagreement": [
            [
                0.0,
                0.004861603956669569,
                -0.10402435064315796,
                0.2406913787126541
            ],
            [
                0.004861603956669569,
                0.0,
                -0.18377409875392914,
                0.2446678876876831
            ],
            [
                -0.10402435064315796,
                -0.18377409875392914,
                0.0,
                -0.17054900527000427
            ],
            [
                0.2406913787126541,
                0.2446678876876831,
                -0.17054900527000427,
                0.0
            ]
        ],
        "attended_pos_disagreement": [
            7.462060602847487e-05,
            7.46020523365587e-05,
            7.362995529547334e-05,
            7.557903154520318e-05
        ],
        "batch_loss": 7.303433895111084,
        "epoch": 1,
        "layer": 3
    },
    {
        "ortho_reg": [
            [
                0.0,
                3096148.5,
                3902819.25,
                3046290.25
            ],
            [
                3096148.5,
                0.0,
                3414110.0,
                2660624.0
            ],
            [
                3902819.0,
                3414109.75,
                0.0,
                3350628.5
            ],
            [
                3046290.25,
                2660624.0,
                3350628.5,
                0.0
            ]
        ],
        "intra_head_non_ortho": [
            [
                0.0,
                198181.5,
                177895.328125,
                198483.46875
            ],
            [
                198181.515625,
                0.0,
                189080.109375,
                211018.234375
            ],
            [
                177895.328125,
                189080.109375,
                0.0,
                189373.140625
            ],
            [
                198483.46875,
                211018.234375,
                189373.140625,
                0.0
            ]
        ],
        "head_output_disagreement": [
            [
                0.0,
                0.28567788004875183,
                -0.0421285405755043,
                -0.1091172993183136
            ],
            [
                0.28567788004875183,
                0.0,
                -0.20407718420028687,
                -0.0704471692442894
            ],
            [
                -0.0421285405755043,
                -0.20407718420028687,
                0.0,
                0.2311680018901825
            ],
            [
                -0.1091172993183136,
                -0.0704471692442894,
                0.2311680018901825,
                0.0
            ]
        ],
        "attended_pos_disagreement": [
            7.475554593838751e-05,
            7.436209853040054e-05,
            7.438347529387102e-05,
            7.443655340466648e-05
        ],
        "batch_loss": 7.303433895111084,
        "epoch": 1,
        "layer": 4
    },
    {
        "ortho_reg": [
            [
                0.0,
                3157469.75,
                3112420.0,
                3497072.5
            ],
            [
                3157469.5,
                0.0,
                3429109.75,
                3857672.5
            ],
            [
                3112420.0,
                3429109.75,
                0.0,
                3800636.25
            ],
            [
                3497072.5,
                3857672.5,
                3800636.5,
                0.0
            ]
        ],
        "intra_head_non_ortho": [
            [
                0.0,
                177293.578125,
                182848.34375,
                174689.109375
            ],
            [
                177293.578125,
                0.0,
                189364.28125,
                180928.71875
            ],
            [
                182848.359375,
                189364.28125,
                0.0,
                186599.859375
            ],
            [
                174689.109375,
                180928.71875,
                186599.859375,
                0.0
            ]
        ],
        "head_output_disagreement": [
            [
                0.0,
                -0.06347388029098511,
                0.09988601505756378,
                -0.1797385811805725
            ],
            [
                -0.06347388029098511,
                0.0,
                0.07495184987783432,
                0.04461762309074402
            ],
            [
                0.09988601505756378,
                0.07495184987783432,
                0.0,
                0.19286450743675232
            ],
            [
                -0.1797385811805725,
                0.04461762309074402,
                0.19286450743675232,
                0.0
            ]
        ],
        "attended_pos_disagreement": [
            7.48876336729154e-05,
            7.522931264247745e-05,
            7.452764839399606e-05,
            7.459284825017676e-05
        ],
        "batch_loss": 7.303433895111084,
        "epoch": 1,
        "layer": 5
    },
    {
        "ortho_reg": [
            [
                0.0,
                318827392.0,
                393290784.0,
                359598496.0
            ],
            [
                318827392.0,
                0.0,
                472524352.0,
                431869184.0
            ],
            [
                393290816.0,
                472524352.0,
                0.0,
                523593472.0
            ],
            [
                359598496.0,
                431869184.0,
                523593472.0,
                0.0
            ]
        ],
        "intra_head_non_ortho": [
            [
                0.0,
                71508336.0,
                67598864.0,
                68114752.0
            ],
            [
                71508336.0,
                0.0,
                68661568.0,
                68965640.0
            ],
            [
                67598872.0,
                68661568.0,
                0.0,
                65701104.0
            ],
            [
                68114752.0,
                68965640.0,
                65701104.0,
                0.0
            ]
        ],
        "head_output_disagreement": [
            [
                0.0,
                -0.038635656237602234,
                -0.008643257431685925,
                -0.11589442938566208
            ],
            [
                -0.038635656237602234,
                0.0,
                0.20625698566436768,
                0.07972978055477142
            ],
            [
                -0.008643257431685925,
                0.20625698566436768,
                0.0,
                -0.05422015115618706
            ],
            [
                -0.11589442938566208,
                0.07972978055477142,
                -0.05422015115618706,
                0.0
            ]
        ],
        "attended_pos_disagreement": [
            0.0034299136605113745,
            0.003500445978716016,
            0.003501088358461857,
            0.0035085936542600393
        ],
        "batch_loss": 5.735236167907715,
        "epoch": 2,
        "layer": 0
    },
    {
        "ortho_reg": [
            [
                0.0,
                2333545.0,
                3288888.5,
                2521615.0
            ],
            [
                2333545.0,
                0.0,
                3092546.0,
                2383336.0
            ],
            [
                3288888.5,
                3092546.0,
                0.0,
                3364887.0
            ],
            [
                2521615.0,
                2383336.0,
                3364887.0,
                0.0
            ]
        ],
        "intra_head_non_ortho": [
            [
                0.0,
                101253.0078125,
                124194.375,
                120798.6796875
            ],
            [
                101253.0078125,
                0.0,
                103070.3984375,
                100826.0390625
            ],
            [
                124194.375,
                103070.3984375,
                0.0,
                122852.9453125
            ],
            [
                120798.6796875,
                100826.0390625,
                122852.9453125,
                0.0
            ]
        ],
        "head_output_disagreement": [
            [
                0.0,
                0.20346307754516602,
                0.1651829481124878,
                -0.04273702949285507
            ],
            [
                0.20346307754516602,
                0.0,
                0.11349097639322281,
                0.3774905502796173
            ],
            [
                0.1651829481124878,
                0.11349097639322281,
                0.0,
                0.02452881820499897
            ],
            [
                -0.04273702949285507,
                0.3774905502796173,
                0.02452881820499897,
                0.0
            ]
        ],
        "attended_pos_disagreement": [
            7.456359890056774e-05,
            7.499699131585658e-05,
            7.614924106746912e-05,
            7.462522626155987e-05
        ],
        "batch_loss": 5.735236167907715,
        "epoch": 2,
        "layer": 1
    },
    {
        "ortho_reg": [
            [
                0.0,
                3649564.0,
                2956911.0,
                3267066.5
            ],
            [
                3649564.0,
                0.0,
                3457094.25,
                3805979.75
            ],
            [
                2956911.0,
                3457094.25,
                0.0,
                3086256.5
            ],
            [
                3267066.25,
                3805979.5,
                3086256.5,
                0.0
            ]
        ],
        "intra_head_non_ortho": [
            [
                0.0,
                168228.828125,
                149008.171875,
                168440.125
            ],
            [
                168228.84375,
                0.0,
                179515.40625,
                203699.40625
            ],
            [
                149008.171875,
                179515.421875,
                0.0,
                180041.78125
            ],
            [
                168440.125,
                203699.40625,
                180041.796875,
                0.0
            ]
        ],
        "head_output_disagreement": [
            [
                0.0,
                -0.19131137430667877,
                0.057303205132484436,
                0.40317609906196594
            ],
            [
                -0.19131137430667877,
                0.0,
                0.12827014923095703,
                0.1756613403558731
            ],
            [
                0.057303205132484436,
                0.12827014923095703,
                0.0,
                0.10054272413253784
            ],
            [
                0.40317609906196594,
                0.1756613403558731,
                0.10054272413253784,
                0.0
            ]
        ],
        "attended_pos_disagreement": [
            7.456041930709034e-05,
            7.446327072102576e-05,
            7.425037620123476e-05,
            7.429423567373306e-05
        ],
        "batch_loss": 5.735236167907715,
        "epoch": 2,
        "layer": 2
    },
    {
        "ortho_reg": [
            [
                0.0,
                4877513.0,
                4221172.0,
                4688199.5
            ],
            [
                4877513.0,
                0.0,
                3645677.5,
                4040587.0
            ],
            [
                4221172.0,
                3645677.5,
                0.0,
                3503472.0
            ],
            [
                4688199.5,
                4040586.75,
                3503472.25,
                0.0
            ]
        ],
        "intra_head_non_ortho": [
            [
                0.0,
                398688.78125,
                356567.09375,
                299795.15625
            ],
            [
                398688.78125,
                0.0,
                406613.90625,
                340842.90625
            ],
            [
                356567.09375,
                406613.90625,
                0.0,
                304832.5
            ],
            [
                299795.15625,
                340842.9375,
                304832.53125,
                0.0
            ]
        ],
        "head_output_disagreement": [
            [
                0.0,
                0.18404509127140045,
                -0.07805409282445908,
                0.2251078486442566
            ],
            [
                0.18404509127140045,
                0.0,
                0.023184748366475105,
                0.15095987915992737
            ],
            [
                -0.07805409282445908,
                0.023184748366475105,
                0.0,
                0.04409148916602135
            ],
            [
                0.2251078486442566,
                0.15095987915992737,
                0.04409148916602135,
                0.0
            ]
        ],
        "attended_pos_disagreement": [
            7.461460336344317e-05,
            7.503840606659651e-05,
            7.473272853530943e-05,
            7.431823178194463e-05
        ],
        "batch_loss": 5.735236167907715,
        "epoch": 2,
        "layer": 3
    },
    {
        "ortho_reg": [
            [
                0.0,
                4123194.5,
                4060984.75,
                3613906.5
            ],
            [
                4123194.25,
                0.0,
                4630846.0,
                4116067.5
            ],
            [
                4060984.75,
                4630846.0,
                0.0,
                4056135.75
            ],
            [
                3613906.75,
                4116067.5,
                4056135.75,
                0.0
            ]
        ],
        "intra_head_non_ortho": [
            [
                0.0,
                328649.8125,
                274106.5625,
                318062.71875
            ],
            [
                328649.78125,
                0.0,
                374224.625,
                434211.03125
            ],
            [
                274106.5625,
                374224.625,
                0.0,
                361930.375
            ],
            [
                318062.71875,
                434211.03125,
                361930.375,
                0.0
            ]
        ],
        "head_output_disagreement": [
            [
                0.0,
                -0.04460635408759117,
                -0.10681962221860886,
                0.30988961458206177
            ],
            [
                -0.04460635408759117,
                0.0,
                0.04431807994842529,
                0.13759395480155945
            ],
            [
                -0.10681962221860886,
                0.04431807994842529,
                0.0,
                -0.2155342698097229
            ],
            [
                0.30988961458206177,
                0.13759395480155945,
                -0.2155342698097229,
                0.0
            ]
        ],
        "attended_pos_disagreement": [
            7.394097337964922e-05,
            7.233524229377508e-05,
            7.532390009146184e-05,
            7.39926181267947e-05
        ],
        "batch_loss": 5.735236167907715,
        "epoch": 2,
        "layer": 4
    },
    {
        "ortho_reg": [
            [
                0.0,
                4965673.5,
                5934087.0,
                5240617.0
            ],
            [
                4965673.5,
                0.0,
                5959004.5,
                5267628.0
            ],
            [
                5934087.0,
                5959004.0,
                0.0,
                6291401.5
            ],
            [
                5240617.0,
                5267627.0,
                6291401.5,
                0.0
            ]
        ],
        "intra_head_non_ortho": [
            [
                0.0,
                622708.625,
                529617.9375,
                497802.25
            ],
            [
                622708.625,
                0.0,
                547112.4375,
                514272.78125
            ],
            [
                529617.9375,
                547112.4375,
                0.0,
                437432.96875
            ],
            [
                497802.28125,
                514272.78125,
                437432.96875,
                0.0
            ]
        ],
        "head_output_disagreement": [
            [
                0.0,
                -0.16237738728523254,
                0.14010928571224213,
                0.12518297135829926
            ],
            [
                -0.16237738728523254,
                0.0,
                0.25315210223197937,
                0.36300235986709595
            ],
            [
                0.14010928571224213,
                0.25315210223197937,
                0.0,
                -0.17756684124469757
            ],
            [
                0.12518297135829926,
                0.36300235986709595,
                -0.17756684124469757,
                0.0
            ]
        ],
        "attended_pos_disagreement": [
            7.555379124823958e-05,
            7.603876292705536e-05,
            7.699028356000781e-05,
            7.51546467654407e-05
        ],
        "batch_loss": 5.735236167907715,
        "epoch": 2,
        "layer": 5
    },
    {
        "ortho_reg": [
            [
                0.0,
                309560064.0,
                415287648.0,
                371805760.0
            ],
            [
                309560064.0,
                0.0,
                477786336.0,
                421953760.0
            ],
            [
                415287616.0,
                477786368.0,
                0.0,
                565655424.0
            ],
            [
                371805760.0,
                421953728.0,
                565655360.0,
                0.0
            ]
        ],
        "intra_head_non_ortho": [
            [
                0.0,
                81030520.0,
                77489088.0,
                77812896.0
            ],
            [
                81030520.0,
                0.0,
                78538424.0,
                79260400.0
            ],
            [
                77489088.0,
                78538424.0,
                0.0,
                75684168.0
            ],
            [
                77812896.0,
                79260400.0,
                75684168.0,
                0.0
            ]
        ],
        "head_output_disagreement": [
            [
                0.0,
                -0.05574599280953407,
                0.003945931792259216,
                -0.1310359537601471
            ],
            [
                -0.05574599280953407,
                0.0,
                0.18614423274993896,
                0.06380680948495865
            ],
